1993 0 0 0 0 0 0
1994 0 1 0 0 0 0
1995 0 2 2 0 0 0
1996 0 0 0 0 0 0
1997 0 0 0 0 0 0
1998 1 1 1 1 0 0
1999 1 0 1 0 1 0
2000 0 3 1 0 4 0
2001 0 0 5 3 3 0
2002 2 0 2 1 0 2
2003 1 0 2 2 0 0
2004 2 0 2 0 1 3
2005 1 0 2 0 2 1
2006 0 3 7 1 0 4
2007 3 0 3 1 1 4
2008 3 1 3 1 2 3
2009 1 0 4 0 0 1
2010 2 1 3 2 0 3
2011 2 3 4 1 0 3
2012 5 5 2 1 2 6
2013 3 7 2 2 1 2
2014 4 3 3 1 2 5
2015 1 2 3 0 2 4
2016 1 1 2 0 0 2
2017 1 1 2 1 1 0
2018 0 1 4 0 0 0
2019 0 2 4 0 0 0
2020 1 0 3 0 0 0
2021 0 0 2 0 1 1
2022 1 1 3 0 0 4
2023 1 7 5 1 0 3
2024 1 2 4 3 0 2
